# Number of parameters = 1  Objective function value = 104.856  Maximum gradient component = 7.08558e-006
# logSdLam:
 0.421977
# biom:
 7.25930 7.20483 4.53486
 8.11578 8.33073 5.85849
 8.97225 9.45662 7.18212
 9.82872 10.5825 8.50575
 9.72206 9.81940 7.34816
 9.61539 9.05627 6.19056
 9.50872 8.29315 5.03297
 9.35019 7.72298 4.86800
 9.19166 7.15281 4.70303
 9.03314 6.58265 4.53806
 8.69546 7.51221 5.11923
 8.35778 8.44178 5.70041
 8.02010 9.37134 6.28158
 8.34841 8.67132 5.16834
 8.67673 7.97129 4.05511
 9.00504 7.27126 2.94187
 8.77544 7.36320 4.99232
 8.54583 7.45513 7.04278
 7.97862 7.54707 5.28396
 7.41142 7.63901 3.52515
 7.48425 7.93240 6.42537
 7.55709 8.22579 9.32559
 7.52282 7.74354 8.03229
 7.48856 7.26130 6.73898
 7.13452 7.33229 5.49026
 6.78048 7.40329 4.24154
 6.91539 6.75737 5.63212
 7.05029 6.11146 7.02269
 7.79211 6.26109 6.04955
 8.53393 6.41072 5.07640
 7.93028 6.14095 5.69094
 7.32663 5.87117 6.30548
 7.12457 4.96694 7.46664
 6.92251 4.06271 8.62779
 7.52557 5.09018 6.77452
 8.12862 6.11764 4.92126
 8.12862 6.11764 4.92126
