# Number of parameters = 1  Objective function value = 85.2635  Maximum gradient component = 1.41163e-005
# logSdLam:
 0.0376589
# biom:
 7.23784 8.58304 7.04370
 6.25549 9.42267 7.04370
 5.27315 10.2623 7.04370
 4.29080 11.1019 7.04370
 5.42260 10.8878 5.36702
 6.55439 10.6737 3.69033
 7.68619 10.4596 2.01365
 7.97547 10.2260 2.70106
 8.26475 9.99247 3.38848
 8.55402 9.75892 4.07590
 8.25043 10.1629 4.12109
 7.94684 10.5669 4.16628
 7.64325 10.9709 4.21148
 7.71737 10.5984 4.04408
 7.79150 10.2259 3.87667
 7.86563 9.85337 3.70927
 7.59597 9.61443 3.54187
 7.32631 9.37548 3.37446
 6.63307 9.13653 3.57885
 5.93983 8.89758 3.78324
 7.40689 9.06357 4.26141
 8.87395 9.22955 4.73958
 8.49644 9.40382 4.35042
 8.11894 9.57810 3.96126
 7.35123 9.47481 3.57259
 6.58352 9.37151 3.18392
 6.47516 9.21602 3.56611
 6.36680 9.06053 3.94829
 6.61189 9.30382 4.33048
 6.85698 9.54712 4.71267
 7.67638 9.80747 4.47528
 8.49577 10.0678 4.23789
 7.35838 9.72044 4.16060
 6.22099 9.37305 4.08330
 6.88369 9.22582 4.59715
 7.54640 9.07858 5.11099
 7.54640 9.07858 5.11099
